7 9 25 7 8 4 6 3 5 8 7 5 2 5 2 5 2 4 9 4 8 5 7 6 5 8 9 6 5 8 5 8 65 
8
7 9 5 8 66 55 44 8 588 7 8 7 8 95 95 6 5 65 5 51 87 8 5 8 5 8 65 2 7
9
95 95 95 95 95 87 8 58 78 78 5 6 32 5 2 5 2 51 51 51 4 8 5 95 95 95 95 3 21
21
957 9 5 8 5 65 8 5 8 5 9 5 8 5 8 565 89 5 95 68 6 56 56 65 5 695 6 5 65 9 526
526
95 987 65 5 2 9 265 3 45 659 6 98 6 95 8 6 465 65 42 5 56 1 21 51 23 21 21 21 2
3
7 65 32 4 631 84 3 21 45 321 65 4 3 31 4 1 316 4 84 30 1 61 31 31 654 21 51 61
65
7 879 87 875 54 5 5 4 54 51 654 4 5 5 1 5 51 5 64 231 11 3 631 3 1 2 123 41 87
54
79 8 4 641 351 1 31 31 32 5 1 521 681 2 1 81 51 584 351 351 84 5 1 54 51 3 35
521
7 8 87 87 5 6 9 2 9 9 6 645 3 6 641 4 65 4 6 4 5 51 54 5 21 54 6 3 5 6 54 984 7
8
998 887 776 665 554 443 332 221 110 98 87 76 65 54 43 32 21 10 9 8 7 6 5 4 3 2 1
886
